0,0.667189934,0.668001263,0.670484894,0.730644924,0.745306333,0.841200433,0.840774464,0.839382891,0.837544996,0.826169611,0.804120266,0.797891234,0.814767505,0.811875482,1.011794816,1.07014057,0.850272091,0.851333901,0.854370952,0.85211015,1.190965968,0.954115308,0.95269673,0.959374415,0.959044699,0.9574833,0.961988225,0.960199537,0.96246506,0.951522887,0.950889454,0.949471572,0.953342625,0.932708909,1.094516443,1.211385785,1.07458519,0.946439532,1.194805971,1.154997287,1.01061269,0.947026279,1.153176635,1.191608491,1.01098646,1.0035674,1.002151345,1.000750552,1.011531967,1.001229463,1.01053711,0.9596356,1.00585244,0.958949924,0.956074672,1.038048013,1.017223369,1.003380947,1.014531089,1.018140781,1.237271159,1.277083266,1.259119775,1.259611215,1.068269861,1.155412469
0.667189934,0,0.483838678,0.632996898,0.674102424,0.702433407,0.856478514,0.855724032,0.854977182,0.853465873,0.842361043,0.828492295,0.822755422,0.85313289,0.850979835,1.011123715,1.0840574,0.859204786,0.864609677,0.866855538,0.861243462,1.204286878,0.970471641,0.96792068,0.97542343,0.975105451,0.973637449,0.977911675,0.976224463,0.978377232,0.968004247,0.967384613,0.966066497,0.969580837,0.949586449,1.100932048,1.224688175,1.087913037,0.961735858,1.208119396,1.168269115,1.009740916,0.962219532,1.166431096,1.204927821,1.010182395,1.003114931,1.001700118,1.000300608,1.005433487,0.995428931,1.004118469,0.962997415,1.010285597,0.96158223,0.959077152,1.047788627,1.016833736,1.009671212,1.015450203,1.019488258,1.233206622,1.272396936,1.254171958,1.25465123,1.066367077,1.155768244
0.668001263,0.483838678,0,0.584724474,0.641454811,0.67626709,0.848907138,0.84807012,0.847350888,0.845784353,0.833990807,0.820179004,0.814048041,0.85090172,0.848793277,1.007628335,1.083968152,0.851203081,0.857290833,0.859579826,0.853371625,1.204925214,0.972786148,0.971024958,0.977730835,0.977434436,0.975954475,0.980167938,0.978489423,0.980612885,0.970351662,0.96975536,0.968424454,0.972269095,0.952546487,1.098540511,1.225181419,1.089301265,0.958921972,1.208754085,1.168297023,1.006221966,0.959397453,1.166423541,1.205563312,1.006671247,1.00736115,1.005956262,1.004566889,1.002232367,0.992014383,1.000936599,0.958508175,1.006906594,0.956881534,0.954372395,1.045544087,1.013425677,1.006438477,1.012008241,1.016090848,1.230991529,1.270253748,1.252063671,1.252544483,1.063538356,1.153259693
0.670484894,0.632996898,0.584724474,0,0.599903014,0.633777984,0.828904823,0.82791797,0.827136323,0.825354365,0.811637903,0.796397876,0.789065688,0.84071552,0.838645367,1.000870952,1.081303496,0.831497052,0.83838009,0.840953798,0.833958696,1.203767077,0.974491467,0.974393655,0.979461264,0.979205246,0.977690239,0.981815051,0.980140501,0.9822214,0.97210512,0.971552356,0.97018413,0.974712288,0.955432855,1.092640941,1.223743973,1.089602009,0.950410296,1.207589939,1.165959657,0.999459031,0.950885959,1.164019817,1.204399874,0.999909844,1.015256359,1.01386801,1.012495522,0.997326078,0.986602289,0.996145262,0.948662111,0.999293621,0.946723049,0.944119731,1.039287121,1.006792177,0.998755151,1.005015057,1.009100377,1.227603496,1.267139046,1.249072988,1.249559407,1.058450081,1.148360013
0.730644924,0.674102424,0.641454811,0.599903014,0,0.486323561,0.832998126,0.831751915,0.831474784,0.829947983,0.816513098,0.807727967,0.801026792,0.859366864,0.857652241,0.996473901,1.088807074,0.830431062,0.840946997,0.84291743,0.833097278,1.211718394,0.985510219,0.985634402,0.990335545,0.990104627,0.988620572,0.99258573,0.990964901,0.992967969,0.983209899,0.982684545,0.981349301,0.986019146,0.967265577,1.093637884,1.231533912,1.098331771,0.956367122,1.215533704,1.173246073,0.994909141,0.956775658,1.171260172,1.212347426,0.995411402,1.020458145,1.019082789,1.017723579,0.989922885,0.979089098,0.988567524,0.945796498,0.998171653,0.943167915,0.940809728,1.04237642,1.002671951,0.998908371,1.001664079,1.006062164,1.222799191,1.262070099,1.243899289,1.244380721,1.054114201,1.145733643
0.745306333,0.702433407,0.67626709,0.633777984,0.486323561,0,0.826780096,0.825386661,0.825270086,0.823759762,0.809756484,0.802902958,0.796068626,0.860959194,0.859359355,0.992758124,1.089631605,0.822439449,0.834576125,0.836437211,0.82529623,1.213173331,0.988675126,0.989392156,0.993475596,0.993263739,0.991775224,0.995674494,0.994067321,0.996038421,0.986410331,0.985905522,0.984565605,0.989490838,0.970997441,1.091678406,1.232851797,1.100483631,0.954792373,1.216984668,1.174126403,0.991149405,0.955182003,1.17210596,1.213799586,0.991666327,1.024514225,1.023146886,1.021795861,0.986208442,0.975120491,0.984858075,0.941204606,0.994986677,0.938241939,0.93591674,1.040817559,0.999084219,0.996039679,0.998131825,1.002615605,1.220413294,1.259731705,1.241586318,1.242068836,1.051128632,1.143267534
0.841200433,0.856478514,0.848907138,0.828904823,0.832998126,0.826780096,0,0.28055076,0.280550703,0.364645508,0.546470674,0.660495316,0.67300025,0.824010468,0.824367052,0.962630439,1.066633767,0.626421393,0.509552271,0.549590316,0.623306733,1.198695974,0.991251559,1.000389847,0.996070661,0.996083497,0.994439365,0.997766385,0.996219374,0.997914311,0.989298032,0.989035114,0.98753226,0.995990292,0.980041519,1.054833941,1.216817826,1.09419533,0.887306903,1.202473241,1.153079842,0.961526301,0.887694138,1.15069019,1.199292543,0.961869821,1.059723144,1.058408645,1.057111528,0.979388349,0.965799331,0.97940164,0.878654121,0.947652146,0.87591223,0.871448141,0.997141297,0.96890995,0.944827097,0.962678819,0.966194344,1.2133459,1.254981368,1.237840338,1.238369011,1.032357339,1.121326181
0.840774464,0.855724032,0.84807012,0.82791797,0.831751915,0.825386661,0.28055076,0,0.31035089,0.377327566,0.539010389,0.661391177,0.67314762,0.825300612,0.825618361,0.962306601,1.067257839,0.61836249,0.507795229,0.546655502,0.615552611,1.199240407,0.991714273,1.000751175,0.996529012,0.996539702,0.994898439,0.998228133,0.996681926,0.998378093,0.98975917,0.9894939,0.987994066,0.996410468,0.980441629,1.05514649,1.217371269,1.094684864,0.888585639,1.203017641,1.153663121,0.961181287,0.888964778,1.151275094,1.199837109,0.961531923,1.059652293,1.058337646,1.057040378,0.97875546,0.965135547,0.978753719,0.878443294,0.947791351,0.875530117,0.871109154,0.997711018,0.968627497,0.945157472,0.962494801,0.96605437,1.213020518,1.254627211,1.237474731,1.23800286,1.032075844,1.121237883
0.839382891,0.854977182,0.847350888,0.827136323,0.831474784,0.825270086,0.280550703,0.31035089,0,0.280550674,0.531698189,0.653425381,0.666541558,0.822333372,0.82266696,0.963411098,1.066404904,0.630810673,0.529374122,0.564308384,0.628493255,1.198348744,0.990522313,0.999590908,0.995350802,0.995360412,0.993715336,0.997056955,0.995505945,0.997208041,0.988561019,0.988294685,0.986790761,0.99521654,0.979220869,1.055298442,1.216499459,1.093704698,0.887720546,1.202126991,1.152853131,0.962307632,0.888118594,1.150471035,1.198945922,0.962651021,1.059010073,1.057694683,1.056396657,0.979890222,0.966353907,0.979887202,0.88011401,0.948535075,0.877434527,0.873007941,0.997546024,0.969669809,0.945668504,0.963493325,0.967003753,1.213702385,1.255315525,1.238164242,1.238692455,1.03289582,1.121795122
0.837544996,0.853465873,0.845784353,0.825354365,0.829947983,0.823759762,0.364645508,0.377327566,0.280550674,0,0.515945974,0.645964826,0.659754921,0.820651277,0.820960533,0.964189972,1.066179367,0.635459264,0.546653657,0.57761595,0.633848508,1.198003965,0.989793247,0.998791078,0.994631181,0.994637528,0.992991512,0.996347865,0.994792826,0.996502146,0.987824112,0.987554321,0.986049333,0.994442376,0.978399251,1.05576425,1.216183662,1.093215799,0.888146145,1.201783193,1.152629371,0.963087233,0.888554786,1.150254857,1.198601755,0.963430471,1.058296356,1.056980065,1.05568112,0.980394207,0.966910457,0.980375076,0.881560137,0.949414636,0.878942257,0.874552107,0.997953458,0.97042802,0.946507625,0.964305339,0.967810684,1.214060462,1.255651388,1.238489898,1.239017653,1.033434791,1.122264994
0.826169611,0.842361043,0.833990807,0.811637903,0.816513098,0.809756484,0.546470674,0.539010389,0.531698189,0.515945974,0,0.613731475,0.624561665,0.818318947,0.818327474,0.966884896,1.067655462,0.642219421,0.613058721,0.629709696,0.645034157,1.198566854,0.988149384,0.996364979,0.993014284,0.992995548,0.991357356,0.994796668,0.993225574,0.994975197,0.986135414,0.985838694,0.984341593,0.992395646,0.976034124,1.059349391,1.216925229,1.092847998,0.895304863,1.202350703,1.153943526,0.965707659,0.895728729,1.151612672,1.199168175,0.966076389,1.054471151,1.053149617,1.051845323,0.980538599,0.967213266,0.980379983,0.887957472,0.954322629,0.885054545,0.880989866,1.002255802,0.973172483,0.951935095,0.967683251,0.971326998,1.214616184,1.255982381,1.238724451,1.239247759,1.035079155,1.124307433
0.804120266,0.828492295,0.820179004,0.796397876,0.807727967,0.802902958,0.660495316,0.661391177,0.653425381,0.645964826,0.613731475,0,0.406969754,0.787789937,0.787498583,0.977695872,1.061504768,0.720365472,0.697081621,0.707796254,0.722121874,1.191313262,0.976298589,0.984134205,0.981319217,0.981268101,0.979600166,0.983226539,0.981595397,0.983437045,0.974185516,0.973854729,0.972325234,0.980170108,0.963262378,1.063259953,1.209989952,1.084053831,0.894698427,1.195109676,1.148012345,0.976646805,0.895272769,1.145768404,1.191921601,0.976973361,1.046149099,1.044816404,1.043500725,0.990340806,0.977760498,0.990106476,0.904612506,0.963654509,0.903157193,0.899195411,1.004177337,0.983537512,0.959880451,0.978048024,0.981397153,1.220968001,1.262254644,1.244949667,1.245471041,1.043146878,1.13052332
0.797891234,0.822755422,0.814048041,0.789065688,0.801026792,0.796068626,0.67300025,0.67314762,0.666541558,0.659754921,0.624561665,0.406969754,0,0.788641443,0.788137927,0.978638916,1.062493191,0.724076341,0.70642139,0.716144852,0.726281142,1.191883175,0.975940485,0.983363355,0.980968314,0.980905033,0.979242826,0.982905469,0.981268494,0.983127646,0.973807585,0.973463624,0.971940049,0.979607885,0.962547341,1.064812687,1.210635598,1.084220937,0.898162852,1.19568129,1.148901544,0.977557916,0.898730493,1.146675546,1.192492968,0.977895338,1.044539668,1.043204358,1.04188601,0.990286408,0.977766877,0.989996726,0.906756576,0.965516113,0.90516435,0.901308977,1.006131547,0.984510496,0.96201113,0.979270675,0.982683277,1.221117719,1.262307306,1.24496084,1.245480297,1.043727511,1.131326744
0.814767505,0.85313289,0.85090172,0.84071552,0.859366864,0.860959194,0.824010468,0.825300612,0.822333372,0.820651277,0.818318947,0.787789937,0.788641443,0,0.310350494,1.011108271,1.029764094,0.850358055,0.835066933,0.839350536,0.850524491,1.157540774,0.926492009,0.937132596,0.932351766,0.932251504,0.930340363,0.934650682,0.932732226,0.934915226,0.924023867,0.923647179,0.921853592,0.93060534,0.91242143,1.070568407,1.177132368,1.04606909,0.886099423,1.161385026,1.117996526,1.010582853,0.887199567,1.116024463,1.158171308,1.010735541,1.027965494,1.026617323,1.025285902,1.02628422,1.015431526,1.026167166,0.949552586,0.988889446,0.951983527,0.948001895,1.002799411,1.015503138,0.979965241,1.008859258,1.011045885,1.245356489,1.287026166,1.269844129,1.270371946,1.070244904,1.15022571
0.811875482,0.850979835,0.848793277,0.838645367,0.857652241,0.859359355,0.824367052,0.825618361,0.82266696,0.820960533,0.818327474,0.787498583,0.788137927,0.310350494,0,1.011407486,1.030395769,0.850455412,0.835501136,0.839781839,0.850665314,1.157877787,0.926092531,0.936378633,0.931966341,0.931854468,0.929946447,0.934295768,0.932369655,0.934571318,0.923602555,0.923213004,0.921422509,0.930015669,0.911663491,1.071302063,1.17751755,1.046137229,0.887978353,1.161722948,1.118536882,1.010868058,0.889061887,1.116575733,1.158509219,1.011025468,1.026956262,1.025605985,1.024272414,1.026236767,1.015401266,1.026100463,0.950094086,0.989561689,0.952451184,0.948495902,1.003787222,1.015822596,0.980786396,1.009269549,1.01148686,1.24541508,1.287042837,1.269842957,1.270369947,1.070459902,1.150574107
1.011794816,1.011123715,1.007628335,1.000870952,0.996473901,0.992758124,0.962630439,0.962306601,0.963411098,0.964189972,0.966884896,0.977695872,0.978638916,1.011108271,1.011407486,0,1.142992841,0.952982386,0.957562515,0.955616332,0.952424045,1.282048139,1.104377432,1.115717367,1.10836036,1.10854916,1.107063786,1.109376298,1.108155685,1.109348806,1.102953111,1.102871744,1.101540077,1.111136901,1.098015312,1.020916651,1.297732043,1.188784963,0.986536494,1.285725154,1.226312747,0.461358405,0.985961343,1.22323934,1.282590502,0.406984156,1.156575461,1.155338687,1.154120805,0.874027775,0.857805476,0.881298923,0.86704417,0.861132257,0.876656593,0.878144149,1.010493107,0.584857653,0.904593663,0.711497106,0.749038254,1.13446327,1.179959389,1.164710408,1.165321328,0.885724974,1.033032112
1.07014057,1.0840574,1.083968152,1.081303496,1.088807074,1.089631605,1.066633767,1.067257839,1.066404904,1.066179367,1.067655462,1.061504768,1.062493191,1.029764094,1.030395769,1.142992841,0,1.076228825,1.068688045,1.069796672,1.075848122,0.96635296,0.994446241,1.034004093,0.995302908,0.996701991,0.995445669,0.992463572,0.992668766,0.991216951,0.995706201,0.996843704,0.995764962,1.017592,1.018850242,1.115164188,0.972240417,0.957530306,1.013280342,0.9700749,0.870716954,1.143757136,1.013696988,0.867589987,0.966730025,1.143481812,1.144378279,1.143251724,1.14214611,1.171865597,1.163168932,1.172623412,1.103402245,1.102628876,1.11125595,1.107464119,1.032669587,1.143978205,1.08438387,1.133973857,1.1332875,1.364300386,1.408998253,1.393021704,1.393607079,1.189413341,1.243687651
0.850272091,0.859204786,0.851203081,0.831497052,0.830431062,0.822439449,0.626421393,0.61836249,0.630810673,0.635459264,0.642219421,0.720365472,0.724076341,0.850358055,0.850455412,0.952982386,1.076228825,0,0.599562294,0.588167859,0.310350806,1.208098123,1.002186019,1.010582108,1.006889947,1.006898711,1.005295267,1.008556526,1.007045917,1.008707685,1.000265746,0.999997655,0.998538082,1.00671584,0.99084704,1.055894526,1.226139573,1.10387352,0.901222628,1.21186855,1.16216121,0.951573682,0.901451399,1.15974158,1.208692311,0.952018974,1.064003245,1.062693655,1.061401542,0.967366411,0.952940574,0.967289945,0.8664173,0.943839334,0.860712411,0.856692418,1.001986614,0.959986105,0.943895939,0.954777177,0.958942976,1.206662804,1.248073214,1.230852771,1.231377467,1.024966899,1.117021913
0.851333901,0.864609677,0.857290833,0.83838009,0.840946997,0.834576125,0.509552271,0.507795229,0.529374122,0.546653657,0.613058721,0.697081621,0.70642139,0.835066933,0.835501136,0.957562515,1.068688045,0.599562294,0,0.377328473,0.589758667,1.201360878,0.996067394,1.00550386,1.000827671,1.000856949,0.999221253,1.002466553,1.000943532,1.002598293,0.99415713,0.993911513,0.992417973,1.001019212,0.985319833,1.052393306,1.219321732,1.097647525,0.886407184,1.205132303,1.155073811,0.956433044,0.886717918,1.152641167,1.201953986,0.956784463,1.063915774,1.062606305,1.061314318,0.975764852,0.961821494,0.9758655,0.869346558,0.942428897,0.866015621,0.861349539,0.995353921,0.964014339,0.940081056,0.957540054,0.961133429,1.210908436,1.252651407,1.235561488,1.236092425,1.02884396,1.118440114
0.854370952,0.866855538,0.859579826,0.840953798,0.84291743,0.836437211,0.549590316,0.546655502,0.564308384,0.57761595,0.629709696,0.707796254,0.716144852,0.839350536,0.839781839,0.955616332,1.069796672,0.588167859,0.377328473,0,0.575060639,1.202611774,0.99794965,1.007414957,1.002688643,1.002721707,1.001090506,1.004311842,1.00279688,1.0044398,0.996051955,0.995810257,0.994321579,1.002941083,0.987307046,1.051807164,1.220526679,1.099115167,0.88710357,1.206381289,1.156134085,0.954462825,0.887383381,1.153688631,1.203203854,0.9548221,1.065260271,1.063952337,1.062661915,0.974117965,0.960028724,0.974239518,0.865954703,0.940769233,0.862269973,0.857562883,0.995176608,0.962158686,0.938733709,0.955669242,0.959322091,1.209882599,1.251642926,1.234562779,1.235094124,1.027474861,1.117422289
0.85211015,0.861243462,0.853371625,0.833958696,0.833097278,0.82529623,0.623306733,0.615552611,0.628493255,0.633848508,0.645034157,0.722121874,0.726281142,0.850524491,0.850665314,0.952424045,1.075848122,0.310350806,0.589758667,0.575060639,0,1.207897688,1.002398506,1.010948105,1.007098879,1.007112332,1.005506936,1.008753641,1.007245567,1.00890026,1.000486079,1.000223007,0.99876144,1.00700501,0.991192741,1.055109937,1.225904056,1.103855345,0.899755871,1.211667227,1.161813158,0.951035407,0.899979291,1.159384979,1.208491186,0.951473818,1.064732757,1.063424039,1.062132817,0.967476764,0.9530214,0.967436322,0.864793335,0.942719053,0.859138104,0.855021165,1.001039204,0.959413951,0.942663639,0.9540397,0.958170414,1.206617431,1.248081187,1.230883455,1.231409201,1.024668268,1.116616424
1.190965968,1.204286878,1.204925214,1.203767077,1.211718394,1.213173331,1.198695974,1.199240407,1.198348744,1.198003965,1.198566854,1.191313262,1.191883175,1.157540774,1.157877787,1.282048139,0.96635296,1.208098123,1.201360878,1.202611774,1.207897688,0,1.08704713,1.125877809,1.086132519,1.087679985,1.086921136,1.082329781,1.083202839,1.080931316,1.089046511,1.09030617,1.089704027,1.110986683,1.11555038,1.269232721,0.751790385,0.958384832,1.161916345,0.424225708,0.917457373,1.282548579,1.162391791,0.927116334,0.280635422,1.28236135,1.233666437,1.232626796,1.231609502,1.305830157,1.29727866,1.306287912,1.242369389,1.24709216,1.249203804,1.245576138,1.192116839,1.283567862,1.231225983,1.274810594,1.274726955,1.501308058,1.545093787,1.528733001,1.529300464,1.328684814,1.387304537
0.954115308,0.970471641,0.972786148,0.974491467,0.985510219,0.988675126,0.991251559,0.991714273,0.990522313,0.989793247,0.988149384,0.976298589,0.975940485,0.926492009,0.926092531,1.104377432,0.994446241,1.002186019,0.996067394,0.99794965,1.002398506,1.08704713,0,0.733446557,0.440327139,0.423738067,0.377472583,0.517055108,0.483873576,0.533027027,0.377446413,0.42365588,0.440229644,0.633370158,0.712551459,1.137160214,1.113705248,0.93436029,0.99283563,1.091128973,1.076783319,1.104171449,0.993612847,1.076560638,1.08782828,1.104219491,0.98897471,0.987740225,0.986525702,1.11683367,1.108066933,1.116593986,1.059775329,1.0813995,1.063987676,1.060578206,1.066283477,1.107520531,1.070689301,1.101416159,1.102910356,1.323627162,1.365164301,1.347873863,1.348397641,1.154492743,1.226800116
0.95269673,0.96792068,0.971024958,0.974393655,0.985634402,0.989392156,1.000389847,1.000751175,0.999590908,0.998791078,0.996364979,0.984134205,0.983363355,0.937132596,0.936378633,1.115717367,1.034004093,1.010582108,1.00550386,1.007414957,1.010948105,1.125877809,0.733446557,0,0.741745092,0.737472055,0.737346253,0.754118051,0.749975079,0.757976584,0.724749697,0.719782569,0.720944052,0.641947699,0.606365577,1.157120131,1.152222553,0.976201355,1.014151545,1.129899799,1.114588391,1.115343291,1.014893272,1.114233574,1.126643046,1.115447585,0.971353625,0.970023603,0.968712229,1.124558704,1.11596207,1.124108694,1.071921131,1.096500555,1.075459575,1.072203359,1.089357567,1.119170431,1.087392389,1.113958681,1.115835564,1.33297799,1.373913427,1.356367945,1.356879866,1.165570912,1.240420118
0.959374415,0.97542343,0.977730835,0.979461264,0.990335545,0.993475596,0.996070661,0.996529012,0.995350802,0.994631181,0.993014284,0.981319217,0.980968314,0.932351766,0.931966341,1.10836036,0.995302908,1.006889947,1.000827671,1.002688643,1.007098879,1.086132519,0.440327139,0.741745092,0,0.280597995,0.310423222,0.423795324,0.364801099,0.459001209,0.500435256,0.51716803,0.530377719,0.653393332,0.727575823,1.140595514,1.113093705,0.931390717,0.997090204,1.090222119,1.077125325,1.108161622,0.997859204,1.076971248,1.086919742,1.10820727,0.99055188,0.989330205,0.988128766,1.120844269,1.112103817,1.120607039,1.063969898,1.085321333,1.068213368,1.064808654,1.069686534,1.111480762,1.074573491,1.10537019,1.10684889,1.327423571,1.368969549,1.35168204,1.35220597,1.158349438,1.230493227
0.959044699,0.975105451,0.977434436,0.979205246,0.990104627,0.993263739,0.996083497,0.996539702,0.995360412,0.994637528,0.992995548,0.981268101,0.980905033,0.932251504,0.931854468,1.10854916,0.996701991,1.006898711,1.000856949,1.002721707,1.007112332,1.087679985,0.423738067,0.737472055,0.280597995,0,0.280591978,0.459081946,0.417439184,0.48734022,0.484008847,0.500558961,0.517145722,0.644627999,0.723162064,1.141099794,1.114600906,0.933242132,0.997520958,1.091766652,1.078515995,1.108344747,0.998290118,1.078350638,1.088466048,1.108392291,0.990173816,0.98894879,0.987743948,1.120928125,1.112189004,1.120684682,1.064152563,1.085623721,1.068373029,1.064971926,1.070283533,1.111681283,1.07492592,1.105596551,1.107088056,1.327581015,1.369108852,1.351813758,1.352337333,1.158547674,1.230784651
0.9574833,0.973637449,0.975954475,0.977690239,0.988620572,0.991775224,0.994439365,0.994898439,0.993715336,0.992991512,0.991357356,0.979600166,0.979242826,0.930340363,0.929946447,1.107063786,0.995445669,1.005295267,0.999221253,1.001090506,1.005506936,1.086921136,0.377472583,0.737346253,0.310423222,0.280591978,0,0.469397033,0.423748167,0.49428174,0.461828928,0.483942523,0.500345036,0.643252989,0.72100744,1.139585181,1.113767177,0.932971965,0.995783895,1.091007197,1.077439739,1.106860764,0.996555669,1.077258933,1.087705943,1.106907834,0.989865912,0.988638793,0.987431801,1.119503593,1.110754892,1.119263481,1.062601309,1.084082748,1.066826839,1.063421755,1.068717493,1.110195598,1.073363978,1.104095676,1.105583763,1.326178267,1.367715279,1.350424274,1.350948036,1.157097767,1.229326726
0.961988225,0.977911675,0.980167938,0.981815051,0.99258573,0.995674494,0.997766385,0.998228133,0.997056955,0.996347865,0.994796668,0.983226539,0.982905469,0.934650682,0.934295768,1.109376298,0.992463572,1.008556526,1.002466553,1.004311842,1.008753641,1.082329781,0.517055108,0.754118051,0.423795324,0.459081946,0.469397033,0,0.310415764,0.280586079,0.556876562,0.569528864,0.577179809,0.678206209,0.741930275,1.140702847,1.109489913,0.926149288,0.997650069,1.086429002,1.074122717,1.109192992,0.998415824,1.074018639,1.083121841,1.109233495,0.992111331,0.990901538,0.989712185,1.122110324,1.11337545,1.121888184,1.065070721,1.086056746,1.069377114,1.065965751,1.069571954,1.112462249,1.075181916,1.106290378,1.10773454,1.32844974,1.370040471,1.35277142,1.353296218,1.159301639,1.231176379
0.960199537,0.976224463,0.978489423,0.980140501,0.990964901,0.994067321,0.996219374,0.996681926,0.995505945,0.994792826,0.993225574,0.981595397,0.981268494,0.932732226,0.932369655,1.108155685,0.992668766,1.007045917,1.000943532,1.00279688,1.007245567,1.083202839,0.483873576,0.749975079,0.364801099,0.417439184,0.423748167,0.310415764,0,0.37748867,0.532990914,0.548138318,0.556667691,0.669386952,0.736070466,1.139760729,1.110244756,0.927848153,0.996408778,1.087298432,1.074509321,1.107968257,0.99717737,1.074377932,1.083992416,1.108010128,0.991485966,0.990270807,0.989075982,1.120848223,1.112105209,1.120623352,1.063778604,1.084890833,1.068067857,1.064656015,1.068667567,1.111252697,1.074043475,1.105090779,1.106543964,1.327280488,1.368862614,1.351590215,1.352114851,1.158125415,1.230083079
0.96246506,0.978377232,0.980612885,0.9822214,0.992967969,0.996038421,0.997914311,0.998378093,0.997208041,0.996502146,0.994975197,0.983437045,0.983127646,0.934915226,0.934571318,1.109348806,0.991216951,1.008707685,1.002598293,1.0044398,1.00890026,1.080931316,0.533027027,0.757976584,0.459001209,0.48734022,0.49428174,0.280586079,0.37748867,0,0.569323419,0.581345371,0.587771158,0.685065235,0.745813634,1.140362125,1.108132652,0.92443268,0.997390537,1.085033641,1.072883905,1.109171099,0.998156022,1.072791395,1.081724584,1.109209733,0.992664377,0.9914577,0.990271508,1.122186025,1.113449879,1.121970001,1.065050347,1.085917691,1.069379337,1.065964483,1.069140568,1.112423157,1.074993728,1.106225918,1.107657444,1.328452565,1.370061248,1.352799702,1.353324851,1.159264366,1.231046573
0.951522887,0.968004247,0.970351662,0.97210512,0.983209899,0.986410331,0.989298032,0.98975917,0.988561019,0.987824112,0.986135414,0.974185516,0.973807585,0.924023867,0.923602555,1.102953111,0.995706201,1.000265746,0.99415713,0.996051955,1.000486079,1.089046511,0.377446413,0.724749697,0.500435256,0.484008847,0.461828928,0.556876562,0.532990914,0.569323419,0,0.280576381,0.310397848,0.613923457,0.70019441,1.136355014,1.115556637,0.937384545,0.991666352,1.093121976,1.078182174,1.102736809,0.992446391,1.077922845,1.089824216,1.10278829,0.987610383,0.986367145,0.985143706,1.115254576,1.106480703,1.115005462,1.058271601,1.080153919,1.062441274,1.059035275,1.065620083,1.106120104,1.069526317,1.10005374,1.10157093,1.322222459,1.36373166,1.346429804,1.346953043,1.153123894,1.225614663
0.950889454,0.967384613,0.96975536,0.971552356,0.982684545,0.985905522,0.989035114,0.9894939,0.988294685,0.987554321,0.985838694,0.973854729,0.973463624,0.923647179,0.923213004,1.102871744,0.996843704,0.999997655,0.993911513,0.995810257,1.000223007,1.09030617,0.42365588,0.719782569,0.51716803,0.500558961,0.483942523,0.569528864,0.548138318,0.581345371,0.280576381,0,0.28057991,0.602502771,0.694318113,1.136599168,1.116779935,0.938909715,0.991848073,1.09437885,1.079300531,1.102649527,0.992628101,1.079030731,1.091082801,1.102702983,0.986961561,0.985714811,0.984487802,1.115063384,1.106290951,1.114807779,1.058185382,1.080191718,1.062330906,1.058928777,1.065962545,1.106050891,1.069616689,1.100011643,1.101542175,1.322107468,1.363597857,1.346288135,1.346811006,1.153051631,1.225638509
0.949471572,0.966066497,0.968424454,0.97018413,0.981349301,0.984565605,0.98753226,0.987994066,0.986790761,0.986049333,0.984341593,0.972325234,0.971940049,0.921853592,0.921422509,1.101540077,0.995764962,0.998538082,0.992417973,0.994321579,0.99876144,1.089704027,0.440229644,0.720944052,0.530377719,0.517145722,0.500345036,0.577179809,0.556667691,0.587771158,0.310397848,0.28057991,0,0.605544208,0.692989016,1.135241851,1.116105212,0.938775586,0.990257246,1.093775978,1.078391285,1.101319226,0.991040025,1.078106323,1.090479414,1.101372217,0.98682953,0.985581004,0.984352165,1.113793895,1.105011446,1.113541691,1.056784323,1.078803668,1.060934761,1.057528499,1.06455377,1.104719087,1.068207591,1.098664331,1.100191492,1.320861802,1.36236151,1.34505595,1.345579011,1.151757274,1.224337148
0.953342625,0.969580837,0.972269095,0.974712288,0.986019146,0.989490838,0.995990292,0.996410468,0.99521654,0.994442376,0.992395646,0.980170108,0.979607885,0.93060534,0.930015669,1.111136901,1.017592,1.00671584,1.001019212,1.002941083,1.00700501,1.110986683,0.633370158,0.641947699,0.653393332,0.644627999,0.643252989,0.678206209,0.669386952,0.685065235,0.613923457,0.602502771,0.605544208,0,0.620283847,1.148557524,1.137282445,0.961103637,1.004046086,1.115032441,1.099358926,1.110843949,1.004814832,1.099021969,1.111755602,1.110921064,0.98464772,0.983363382,0.982098248,1.121869404,1.113152081,1.121528592,1.066674032,1.089995353,1.070533348,1.067190564,1.079201071,1.11445081,1.080083081,1.108772313,1.110463459,1.329664361,1.370910648,1.353497843,1.354015915,1.161270446,1.234946305
0.932708909,0.949586449,0.952546487,0.955432855,0.967265577,0.970997441,0.980041519,0.980441629,0.979220869,0.978399251,0.976034124,0.963262378,0.962547341,0.91242143,0.911663491,1.098015312,1.018850242,0.99084704,0.985319833,0.987307046,0.991192741,1.11555038,0.712551459,0.606365577,0.727575823,0.723162064,0.72100744,0.741930275,0.736070466,0.745813634,0.70019441,0.694318113,0.692989016,0.620283847,0,1.139088274,1.141161819,0.970127625,0.993264214,1.119568154,1.101127202,1.097657941,0.994038693,1.10061886,1.116303716,1.097756545,0.971718656,0.970377771,0.969054907,1.10770071,1.098956582,1.107297053,1.053241192,1.078067105,1.056828666,1.053517648,1.070708157,1.101471574,1.068698804,1.096053059,1.097887961,1.316502602,1.357570532,1.340084363,1.340598982,1.148401862,1.223158954
1.094516443,1.100932048,1.098540511,1.092640941,1.093637884,1.091678406,1.054833941,1.05514649,1.055298442,1.05576425,1.059349391,1.063259953,1.064812687,1.070568407,1.071302063,1.020916651,1.115164188,1.055894526,1.052393306,1.051807164,1.055109937,1.269232721,1.137160214,1.157120131,1.140595514,1.141099794,1.139585181,1.140702847,1.139760729,1.140362125,1.136355014,1.136599168,1.135241851,1.148557524,1.139088274,0,1.280370132,1.197117233,1.005900146,1.272747131,1.194531866,1.023953199,1.005142495,1.190225145,1.269678321,1.022926045,1.222636118,1.22142185,1.220226898,1.076798541,1.070635479,1.079456173,1.021717911,0.962346659,1.034821405,1.031728861,0.903733941,1.01553745,0.944908414,1.000959553,0.995353535,1.222482108,1.27453935,1.261569863,1.262297182,1.041650619,1.042445786
1.211385785,1.224688175,1.225181419,1.223743973,1.231533912,1.232851797,1.216817826,1.217371269,1.216499459,1.216183662,1.216925229,1.209989952,1.210635598,1.177132368,1.17751755,1.297732043,0.972240417,1.226139573,1.219321732,1.220526679,1.225904056,0.751790385,1.113705248,1.152222553,1.113093705,1.114600906,1.113767177,1.109489913,1.110244756,1.108132652,1.115556637,1.116779935,1.116105212,1.137282445,1.141161819,1.280370132,0,1.00070248,1.177151975,0.741717727,0.881582134,1.298300166,1.177597697,0.893624024,0.747457546,1.298090397,1.25952419,1.258471008,1.257439949,1.322644927,1.314098722,1.323172823,1.25847977,1.261647888,1.265548986,1.261900119,1.203002927,1.299097162,1.245325199,1.290082881,1.289848401,1.51706468,1.561085442,1.544822294,1.545394338,1.344052423,1.401286732
1.07458519,1.087913037,1.089301265,1.089602009,1.098331771,1.100483631,1.09419533,1.094684864,1.093704698,1.093215799,1.092847998,1.084053831,1.084220937,1.04606909,1.046137229,1.188784963,0.957530306,1.10387352,1.097647525,1.099115167,1.103855345,0.958384832,0.93436029,0.976201355,0.931390717,0.933242132,0.932971965,0.926149288,0.927848153,0.92443268,0.937384545,0.938909715,0.938775586,0.961103637,0.970127625,1.197117233,1.00070248,0,1.073006724,0.963054143,1.009222868,1.188959244,1.073609169,1.012151749,0.959528263,1.188880699,1.090266066,1.089280718,1.088318764,1.206956304,1.198416579,1.207070239,1.1474443,1.159531674,1.153114445,1.14961016,1.122418796,1.191032458,1.146030871,1.183575901,1.18422296,1.40726713,1.449927961,1.43309866,1.433644174,1.236690543,1.301692213
0.946439532,0.961735858,0.958921972,0.950410296,0.956367122,0.954792373,0.887306903,0.888585639,0.887720546,0.888146145,0.895304863,0.894698427,0.898162852,0.886099423,0.887978353,0.986536494,1.013280342,0.901222628,0.886407184,0.88710357,0.899755871,1.161916345,0.99283563,1.014151545,0.997090204,0.997520958,0.995783895,0.997650069,0.996408778,0.997390537,0.991666352,0.991848073,0.990257246,1.004046086,0.993264214,1.005900146,1.177151975,1.073006724,0,1.165625442,1.104142328,0.987337765,0.280551226,1.101070408,1.162456765,0.987045349,1.097882902,1.096626824,1.095389298,1.027370634,1.016247494,1.028622167,0.918288141,0.92979152,0.929072704,0.923576269,0.911615567,0.988603996,0.903494868,0.974505689,0.973658012,1.234210127,1.278960342,1.263076678,1.263664879,1.048732344,1.117099542
1.194805971,1.208119396,1.208754085,1.207589939,1.215533704,1.216984668,1.202473241,1.203017641,1.202126991,1.201783193,1.202350703,1.195109676,1.19568129,1.161385026,1.161722948,1.285725154,0.9700749,1.21186855,1.205132303,1.206381289,1.211667227,0.424225708,1.091128973,1.129899799,1.090222119,1.091766652,1.091007197,1.086429002,1.087298432,1.085033641,1.093121976,1.09437885,1.093775978,1.115032441,1.119568154,1.272747131,0.741717727,0.963054143,1.165625442,0,0.918588086,1.286227798,1.166099436,0.928380585,0.377710941,1.286039836,1.237578287,1.236538674,1.235521408,1.309539248,1.300989104,1.30999908,1.246070689,1.250738222,1.252912296,1.249284465,1.195641911,1.287239411,1.234860186,1.278475288,1.278386809,1.504976032,1.548769198,1.532411465,1.532979073,1.332345196,1.390914499
1.154997287,1.168269115,1.168297023,1.165959657,1.173246073,1.174126403,1.153079842,1.153663121,1.152853131,1.152629371,1.153943526,1.148012345,1.148901544,1.117996526,1.118536882,1.226312747,0.870716954,1.16216121,1.155073811,1.156134085,1.161813158,0.917457373,1.076783319,1.114588391,1.077125325,1.078515995,1.077439739,1.074122717,1.074509321,1.072883905,1.078182174,1.079300531,1.078391285,1.099358926,1.101127202,1.194531866,0.881582134,1.009222868,1.104142328,0.918588086,0,1.227096368,1.104494656,0.483977907,0.916793723,1.226814834,1.220903458,1.219804659,1.218727234,1.254844543,1.246310466,1.255596528,1.18837833,1.186612903,1.196196809,1.192478479,1.116261151,1.227187361,1.168823705,1.217348703,1.21663361,1.445923422,1.490693144,1.474741283,1.475327927,1.271651808,1.324498698
1.01061269,1.009740916,1.006221966,0.999459031,0.994909141,0.991149405,0.961526301,0.961181287,0.962307632,0.963087233,0.965707659,0.976646805,0.977557916,1.010582853,1.010868058,0.461358405,1.143757136,0.951573682,0.956433044,0.954462825,0.951035407,1.282548579,1.104171449,1.115343291,1.108161622,1.108344747,1.106860764,1.109192992,1.107968257,1.109171099,1.102736809,1.102649527,1.101319226,1.110843949,1.097657941,1.023953199,1.298300166,1.188959244,0.987337765,1.286227798,1.227096368,0,0.986775793,1.224040772,1.283092381,0.310354804,1.155687699,1.154450495,1.153232174,0.86874906,0.851326806,0.87623042,0.866187955,0.865974493,0.875047581,0.876743618,1.01271646,0.626638427,0.908058693,0.728487154,0.762614406,1.135052584,1.180286085,1.164932717,1.165538714,0.888146893,1.035618168
0.947026279,0.962219532,0.959397453,0.950885959,0.956775658,0.955182003,0.887694138,0.888964778,0.888118594,0.888554786,0.895728729,0.895272769,0.898730493,0.887199567,0.889061887,0.985961343,1.013696988,0.901451399,0.886717918,0.887383381,0.899979291,1.162391791,0.993612847,1.014893272,0.997859204,0.998290118,0.996555669,0.998415824,0.99717737,0.998156022,0.992446391,0.992628101,0.991040025,1.004814832,0.994038693,1.005142495,1.177597697,1.073609169,0.280551226,1.166099436,1.104494656,0.986775793,0,1.101413902,1.162931517,0.98647895,1.098387323,1.097131536,1.095894306,1.027053161,1.015925061,1.028317515,0.917646004,0.928807949,0.928527483,0.923017741,0.910674513,0.988007813,0.902271789,0.973826373,0.972947115,1.233817926,1.278593514,1.262720728,1.263309431,1.048221831,1.116536728
1.153176635,1.166431096,1.166423541,1.164019817,1.171260172,1.17210596,1.15069019,1.151275094,1.150471035,1.150254857,1.151612672,1.145768404,1.146675546,1.116024463,1.116575733,1.22323934,0.867589987,1.15974158,1.152641167,1.153688631,1.159384979,0.927116334,1.076560638,1.114233574,1.076971248,1.078350638,1.077258933,1.074018639,1.074377932,1.072791395,1.077922845,1.079030731,1.078106323,1.099021969,1.10061886,1.190225145,0.893624024,1.012151749,1.101070408,0.928380585,0.483977907,1.224040772,1.101413902,0,0.926512227,1.223753291,1.220323154,1.219221443,1.218141057,1.252057462,1.243527406,1.252827427,1.185441423,1.183257604,1.193320207,1.189597568,1.111941379,1.2240723,1.165356559,1.214169768,1.213415231,1.442842422,1.487673691,1.471747316,1.472335158,1.268480115,1.320948785
1.191608491,1.204927821,1.205563312,1.204399874,1.212347426,1.213799586,1.199292543,1.199837109,1.198945922,1.198601755,1.199168175,1.191921601,1.192492968,1.158171308,1.158509219,1.282590502,0.966730025,1.208692311,1.201953986,1.203203854,1.208491186,0.280635422,1.08782828,1.126643046,1.086919742,1.088466048,1.087705943,1.083121841,1.083992416,1.081724584,1.089824216,1.091082801,1.090479414,1.111755602,1.116303716,1.269678321,0.747457546,0.959528263,1.162456765,0.377710941,0.916793723,1.283092381,1.162931517,0.926512227,0,1.282904652,1.234403732,1.233363894,1.232346401,1.306395261,1.297844068,1.306854441,1.242922298,1.247611967,1.24976153,1.246133508,1.192559909,1.28410694,1.231736752,1.275344569,1.275257805,1.501850098,1.545640671,1.529281892,1.52984945,1.329219589,1.3878097
1.01098646,1.010182395,1.006671247,0.999909844,0.995411402,0.991666327,0.961869821,0.961531923,0.962651021,0.963430471,0.966076389,0.976973361,0.977895338,1.010735541,1.011025468,0.406984156,1.143481812,0.952018974,0.956784463,0.9548221,0.951473818,1.28236135,1.104219491,1.115447585,1.10820727,1.108392291,1.106907834,1.109233495,1.108010128,1.109209733,1.10278829,1.102702983,1.101372217,1.110921064,1.097756545,1.022926045,1.298090397,1.188880699,0.987045349,1.286039836,1.226814834,0.310354804,0.98647895,1.223753291,1.282904652,0,1.155964588,1.154727526,1.15350935,0.87050892,0.853502429,0.877919597,0.866416842,0.864336773,0.875533301,0.877160513,1.011955721,0.613931275,0.906879539,0.72297116,0.758182218,1.134835694,1.180156794,1.164838296,1.165445937,0.887301887,1.034739399
1.0035674,1.003114931,1.00736115,1.015256359,1.020458145,1.024514225,1.059723144,1.059652293,1.059010073,1.058296356,1.054471151,1.046149099,1.044539668,1.027965494,1.026956262,1.156575461,1.144378279,1.064003245,1.063915774,1.065260271,1.064732757,1.233666437,0.98897471,0.971353625,0.99055188,0.990173816,0.989865912,0.992111331,0.991485966,0.992664377,0.987610383,0.986961561,0.98682953,0.98464772,0.971718656,1.222636118,1.25952419,1.090266066,1.097882902,1.237578287,1.220903458,1.155687699,1.098387323,1.220323154,1.234403732,1.155964588,0,0.280555081,0.364662712,1.149822457,1.143101687,1.148489498,1.122735759,1.151852686,1.124562184,1.122053437,1.166331959,1.16068416,1.148369487,1.15924982,1.162350652,1.357543693,1.395703693,1.376946652,1.37740289,1.20100212,1.283046298
1.002151345,1.001700118,1.005956262,1.01386801,1.019082789,1.023146886,1.058408645,1.058337646,1.057694683,1.056980065,1.053149617,1.044816404,1.043204358,1.026617323,1.025605985,1.155338687,1.143251724,1.062693655,1.062606305,1.063952337,1.063424039,1.232626796,0.987740225,0.970023603,0.989330205,0.98894879,0.988638793,0.990901538,0.990270807,0.9914577,0.986367145,0.985714811,0.985581004,0.983363382,0.970377771,1.22142185,1.258471008,1.089280718,1.096626824,1.236538674,1.219804659,1.154450495,1.097131536,1.219221443,1.233363894,1.154727526,0.280555081,0,0.280554883,1.148592731,1.14186695,1.14726002,1.121476004,1.150613894,1.123299533,1.120790365,1.165114982,1.159449226,1.14713134,1.158013225,1.161114731,1.356344224,1.394507052,1.375751383,1.376207682,1.199782531,1.281834357
1.000750552,1.000300608,1.004566889,1.012495522,1.017723579,1.021795861,1.057111528,1.057040378,1.056396657,1.05568112,1.051845323,1.043500725,1.04188601,1.025285902,1.024272414,1.154120805,1.14214611,1.061401542,1.061314318,1.062661915,1.062132817,1.231609502,0.986525702,0.968712229,0.988128766,0.987743948,0.987431801,0.989712185,0.989075982,0.990271508,0.985143706,0.984487802,0.984352165,0.982098248,0.969054907,1.220226898,1.257439949,1.088318764,1.095389298,1.235521408,1.218727234,1.153232174,1.095894306,1.218141057,1.232346401,1.15350935,0.364662712,0.280554883,0,1.147382034,1.140651148,1.146049576,1.120234703,1.149393956,1.12205528,1.119545684,1.163917281,1.158233218,1.145912063,1.156795526,1.159897718,1.355164334,1.393330042,1.37457577,1.375032131,1.198582154,1.28064177
1.011531967,1.005433487,1.002232367,0.997326078,0.989922885,0.986208442,0.979388349,0.97875546,0.979890222,0.980394207,0.980538599,0.990340806,0.990286408,1.02628422,1.026236767,0.874027775,1.171865597,0.967366411,0.975764852,0.974117965,0.967476764,1.305830157,1.11683367,1.124558704,1.120844269,1.120928125,1.119503593,1.122110324,1.120848223,1.122186025,1.115254576,1.115063384,1.113793895,1.121869404,1.10770071,1.076798541,1.322644927,1.206956304,1.027370634,1.309539248,1.254844543,0.86874906,1.027053161,1.252057462,1.306395261,0.87050892,1.149822457,1.148592731,1.147382034,0,0.648845217,0.499511659,0.93649289,0.962546488,0.936636588,0.937974165,1.062781098,0.883783166,0.985325933,0.910764536,0.921930503,1.118947319,1.15868637,1.141218034,1.141723207,0.916698725,1.063071481
